000
000
000
000
000
000
000
000
000
000
000
000
000
000
000
000
000
000
000
000
000
000
000
000
000
000
000
000
000
000
000
000
000
000
000
000
000
000
000
000
000
000
000
000
000
000
000
000
000
000
000
000
000
000
000
000
000
000
000
000
000
000
000
000
000
000
000
000
000
000
000
000
000
000
000
000
000
000
000
000
000
000
000
000
000
000
000
000
000
000
000
000
000
000
000
000
000
000
000
000
000
000
000
000
000
000
000
000
000
000
000
000
000
000
000
000
000
000
000
000
000
000
000
000
000
000
000
000
000
000
000
000
000
000
000
000
000
000
000
000
000
000
000
000
000
000
000
000
000
000
000
000
000
000
000
000
000
000
000
000
000
000
000
000
000
000
000
000
000
000
000
000
000
000
000
000
000
000
000
000
000
000
000
000
000
000
000
000
000
000
000
000
000
000
000
000
000
000
000
000
000
000
000
000
000
000
000
000
000
000
000
000
000
000
000
000
000
000
000
000
000
000
000
000
000
000
000
000
000
000
000
000
000
000
000
000
000
000
000
000
000
000
000
000
000
000
000
000
000
000
000
000
000
000
000
000
000
000
000
000
000
000
000
000
000
000
000
000
000
000
000
000
000
000
000
000
000
000
000
000
000
000
000
000
000
000
000
000
000
000
000
000
000
000
000
000
000
000
000
000
000
000
000
000
000
000
000
000
000
000
000
000
000
000
000
000
000
000
000
000
000
000
000
000
000
000
000
000
000
000
000
000
000
000
000
000
000
000
000
000
000
000
000
000
000
000
000
000
000
000
000
000
000
000
000
000
000
000
000
000
000
000
000
000
000
000
000
000
000
000
000
000
000
000
000
000
000
000
000
000
000
000
000
000
000
000
000
000
000
000
000
000
000
000
000
000
000
000
000
000
000
000
000
000
000
000
000
000
000
000
000
000
000
000
000
000
000
000
000
000
000
000
000
000
000
000
000
000
000
000
000
000
000
000
000
000
000
000
000
000
000
000
000
000
000
000
000
000
000
000
000
000
000
000
000
000
000
000
000
000
000
000
000
000
000
000
000
000
000
000
000
000
000
000
000
000
000
000
000
000
000
000
000
000
000
000
000
000
000
000
000
000
000
000
000
000
000
000
000
000
000
000
000
000
000
000
000
000
000
000
000
000
000
000
000
000
000
000
000
000
000
000
000
000
000
000
000
000
000
000
000
000
000
000
000
000
000
000
000
000
000
000
000
000
000
000
000
000
000
000
000
000
000
000
000
000
000
000
000
000
000
000
000
000
000
000
000
000
000
000
000
000
000
000
000
000
000
000
000
000
000
000
000
000
000
000
000
000
000
000
000
000
000
000
000
000
000
000
000
000
000
000
000
000
000
000
000
000
000
000
000
000
000
000
000
000
000
000
000
000
000
000
000
000
000
000
000
000
000
000
000
000
000
000
000
000
000
000
000
000
000
000
000
000
000
000
000
000
000
000
000
000
0061
0062
0062
0062
0062
0062
0062
0065
005e
0063
0062
0062
0062
0062
0062
0062
0062
00d5
00e6
00e6
00e6
00e6
00e6
00e6
00e6
00e6
00e6
00e6
00e6
00e6
00e6
00e6
00e6
00e6
00e6
00e6
00e6
00e6
00e6
00e6
00e6
00e6
00e4
000
000
000
000
000
000
000
0062
0062
0062
0062
0062
0062
0062
0062
0062
0063
0062
0062
0062
0062
0062
0062
0062
00d4
00e6
00e6
00e6
00e6
00e6
00e6
00e6
00e6
00e7
00e7
0ae7
0de7
0de7
0de7
0de7
011e7
01fe7
01fe7
01fe7
01fe7
01fe7
1822e9
2323ea
2323ea
1313eb
00e9
00e6
00ff
000
000
000
000
003f
006d
006d
006d
006d
006d
006d
0055
00ff
006d
006d
006d
006d
006d
006d
006d
006d
00da
00da
00da
00da
00da
00da
00da
00da
00e6
00e7
00e7
049e7
05ee7
05ee7
05ee7
05ee7
078e7
0dce7
0dde7
0dde7
0dde7
0dde7
a9f0f7
f8f8fe
f8f8fe
2323ea
00e7
00e6
00e2
000
000
000
000
000
000
000
000
000
000
000
000
000
000
000
000
000
000
000
000
000
000
000
000
000
000
000
000
00e6
02ee6
04ae7
04ae7
05ce7
085e7
0c4e7
0c4e7
0c4e7
0cae7
0e3e7
0e3e7
54ecef
c3f8f9
c3f8f9
ecfdfd
ffffff
ffffff
cbcbfa
61b8f0
0aee7
0a9e2
000
000
000
000
000
000
000
000
000
003f
0061
0062
0062
0062
0062
0060
000
000
00e5
00e4
00e4
00e4
00e4
00e4
00e4
00e4
00e4
00e4
00e6
024e7
045e7
060e7
061e7
080e7
0b6e7
0b6e7
0b6e7
0bfe7
0e3e7
0e3e7
48ebee
a7f5f7
a7f5f7
e3fcfc
ffffff
ffffff
b4b4f8
549eef
095e7
08de2
000
000
000
000
000
000
000
000
000
0066
0062
0063
0063
0063
0063
0062
000
000
00e8
00e7
00e7
00e7
00e7
00e7
00e7
00e3
00e2
00e2
00e2
00e2
0fe3
05ce7
05ee7
05ee7
05ee7
05ee7
05ee7
077e7
0dae7
0dbe7
0dbe7
0dbe7
0dbe7
a7eef7
f6f6fe
f6f6fe
2424ea
00e7
00e6
00e2
000
000
000
000
000
000
000
000
000
000
005d
0061
0061
0061
0061
006a
000
000
00ec
00e6
00e6
00e6
00e6
00e6
00e6
0070
006e
006e
006e
006e
0181
08e5
08e7
08e7
08e7
08e7
08e7
0ae7
012e7
012e7
012e7
012e7
012e7
e14e8
1515e9
1515e9
eee7
00e6
00e2
00ff
000
000
000
000
000
000
000
000
000
000
000
000
000
000
000
000
000
000
000
000
000
000
000
000
000
0063
0064
0064
0064
0064
0077
00e3
00e6
00e6
00e6
00e6
00e6
00e6
00e6
00e6
00e6
00e6
00e6
00e6
00e6
00e6
00eb
000
000
000
000
000
000
000
000
000
000
000
000
000
000
000
000
000
000
000
000
000
000
000
000
000
000
000
000
000
000
000
000
000
000
000
000
000
000
000
000
000
000
000
000
000
000
000
000
000
000
000
000
000
000
000
000
000
000
000
000
000
000
000
000
000
000
000
000
000
000
000
000
000
000
000
000
000
000
000
000
000
000
000
000
000
000
000
000
000
000
000
000
000
000
000
000
000
000
000
000
000
000
000
000
000
000
000
000
000
000
000
000
000
000
000
000
000
000
000
000
000
000
000
000
000
000
000
000
000
000
000
000
000
000
000
000
000
000
000
000
000
000
000
000
000
000
000
000
000
000
000
000
000
000
000
000
000
000
000
000
000
000
000
000
000
000
000
000
000
000
000
000
000
000
000
000
000
000
000
000
000
000
000
000
000
000
000
000
000
000
000
000
000
000
000
000
000
000
000
000
000
000
000
000
000
000
000
000
000
000
000
000
000
000
000
000
000
000
000
000
000
000
000
000
000
000
000
000
000
000
000
000
000
000
000
000
000
000
000
000
000
000
000
000
000
000
000
000
000
000
000
000
000
000
000
000
000
000
000
000
000
000
000
000
000
000
000
000
000
000
000
000
000
000
000
000
000
000
000
000
000
000
000
000
000
000
000
000
000
000
000
000
000
000
000
000
000
000
000
000
000
000
000
000
000
000
000
000
000
000
000
000
000
000
000
000
000
000
000
000
000
000
000
000
000
000
000
000
000
000
000
000
000
000
000
000
000
000
000
000
000
000
000
000
000
000
000
000
000
000
000
000
000
000
000
000
000
000
000
000
000
000
000
000
000
000
000
000
000
000
000
000
000
000
000
000
000
000
000
000
000
000
000
000
000
000
000
000
000
000
000
000
000
000
000
000
000
000
000
000
000
000
000
000
000
