4879d7
e4fcf
0d7f
4879d7
285fcf
253cf
14ac7
01e69
0563
0441
0428
9017
421c3c
671c2d
68294d
40c40
37037
000
000
000
000
000
000
000
000
000
000
000
000
000
000
000
000
000
000
000
000
6e7fb8
3e8fe7
03cc6
404b81
6a9de5
82a8e7
569ee7
070e7
03cce
0070
8013
2001e
3b1231
5e1121
612747
31431
4cb4c
000
000
000
000
000
000
000
000
000
000
000
000
000
000
000
000
000
000
000
000
000
000
000
000
000
000
000
000
000
8c4c26
71381b
6f261a
58c31
4091f
501fb
2818
2d02d
000
000
000
000
000
000
000
000
000
000
000
000
000
000
000
000
000
000
000
000
000
000
000
000
000
000
000
000
000
693f15
8f6743
68411b
5517c
3b141e
f2b76
6f2410
e05
000
000
000
000
000
000
000
000
000
000
000
000
000
000
000
000
000
000
000
000
000
000
000
000
000
000
000
000
000
572a11
681fd
5316a
2211
5384
5620a
3400
1201
b0b
000
000
000
000
000
000
000
000
000
000
000
000
000
000
000
000
000
000
000
000
000
000
000
000
000
000
000
000
3d00
2000
1302
42c41
17010
1a02
e61d
631c5e
3b03b
000
000
000
000
000
000
000
000
000
000
000
000
000
000
000
000
000
000
000
000
000
000
000
000
000
000
000
000
000
000
000
000
000
000
9756
953195
15012
733414
000
000
000
000
000
000
000
000
000
000
000
000
000
000
000
000
000
000
000
000
000
000
000
000
000
000
000
000
000
000
000
000
000
000
953495
29124
3484
6c4217
000
c6129
c6165
9750
7f00
000
000
000
000
000
000
000
000
000
000
000
000
000
000
000
000
000
000
000
000
000
000
000
000
000
000
000
000
963e96
671967
1c07
6d2f12
6600
cc6224
cf6c2e
6451
2d53
cc6633
000
000
000
000
000
000
000
000
000
000
000
000
000
000
000
000
000
000
000
000
000
000
000
000
000
000
000
000
6b116b
2201e
48117
68a6
a1c3
6f41
e00
936328
8c3f18
000
000
000
000
000
000
000
000
000
000
000
000
000
000
000
000
000
000
000
000
000
000
000
000
000
000
000
000
5d028
3b228
471dc
3af5
2321
2000
452f18
833d17
4674
d6914d
000
000
eaa365
ac682b
5500
000
ba7637
4800
000
000
000
000
000
000
000
000
000
000
000
000
000
000
000
000
000
7f447f
4b85
994f1f
b36d33
8e602e
000
593610
3f1fb
3af25
3499
a6612d
7223c
d39046
7f00
cc893a
833616
3300
e29c56
ad6927
3e00
000
000
000
000
000
000
000
000
000
000
000
000
000
000
000
914824
94521f
893a4e
59e3e
4d131d
6d2810
71471c
1332
3af7
501e2e
992f99
5c1955
2c00
3374
601fe
4f139
671fb
3a31
732715
8c4319
57149
2800
833213
2400
000
000
000
000
000
000
000
000
000
000
000
000
000
a36021
d6a171
8d3e15
32e7
33028
571052
5b1836
3d02a
30024
3412d
38023
752b3e
6b2435
41025
1a013
1f211
35d1e
1c011
1d0a
1f0d
e07
3f13b
4f117
1f00
000
000
000
000
000
000
000
000
000
000
000
000
000
8c4f23
b26e26
7119e
6dd8
2a03
6e266b
5f1e55
66666
28028
19019
35e2a
a96c32
622816
6311f
1f00
591fc
9f6425
2d84
561fc
84411c
2ab25
692769
672163
5f05f
000
000
000
000
000
000
000
000
000
000
000
000
000
000
000
7f00
2900
2ff8
7e4d18
997656
271327
22022
351839
7c217c
643915
3b193f
772869
3e84
5a175a
2e72e
601e60
111d
41133a
802e80
36036
19019
2b02b
000
000
000
000
000
000
000
000
000
000
000
000
000
8d381c
98541f
6fc6
7685
3012
6a275d
672e49
671067
26026
16016
3f123c
995f29
53161b
6a1720
2700
451ad
7c4e20
2b9a
571fc
86431c
32102e
6b226b
5a165a
54054
000
000
000
000
000
000
000
000
000
000
000
000
000
a46020
d6a171
8a3913
3695
2901c
691968
4d113f
3e036
2d029
28023
2d014
7e3f35
75362e
42119
1a0f
37814
542521
1d1c
f17
184a
150e
358b
4053
2000
000
000
000
000
000
000
000
000
000
000
000
000
000
8e471e
b16d24
8e471e
5a1545
3b525
5312c
683914
2153
3353
52153e
8f248f
641d62
24012
2e27
4ec7
3ae7
59127
2b00
6915b
6f2b11
4ac6
2fa5
8f4316
1e00
000
000
000
000
000
000
000
000
000
000
000
000
000
000
000
873f87
4955
a05921
c07c2e
875c2d
000
5a3811
4926d
3d1435
3e512
974b20
61159
c17d37
5c00
ba7631
762a11
2f00
dd984c
a05a21
3c00
000
000
000
000
000
000
000
000
000
000
000
000
000
000
000
000
000
000
7f00
6755
4581a
593015
1ea3
2473
1d10
4b3117
6928f
5119e
bd7833
000
000
e2a263
aa6528
5200
000
ba7637
4500
000
000
000
000
000
000
000
000
000
000
000
000
000
000
000
000
000
000
000
66766
2d02b
3b63
6353
9100
5800
b11
a86f2c
803113
000
000
000
000
cc6633
7f00
000
000
000
000
000
000
000
000
000
000
000
000
000
000
000
000
000
000
000
000
000
834183
711f71
1f09
6e3112
6600
cc6425
c75527
4900
2e12b
c57f22
000
000
000
000
000
000
000
000
000
000
000
000
000
000
000
000
000
000
000
000
000
000
000
000
000
000
000
963696
34532
2e84
75421b
000
c633e
c84f15
a3135
6100
000
000
000
000
000
000
000
000
000
000
000
000
000
000
000
000
000
000
000
000
000
000
000
000
000
000
000
003a
953195
110a
5d25e
ffff0
000
000
000
000
000
000
000
000
000
000
000
000
000
000
000
000
000
000
000
000
000
000
000
000
000
000
2100
1600
f02
4c94c
1a018
1502
e834
782578
3b03b
7f7f0
000
000
000
000
000
000
000
000
000
000
000
000
000
000
000
000
000
000
000
000
000
000
000
000
000
000
000
581ed
60146
43c6
205a
4442
50168
2700
1b07
19019
000
000
000
000
000
000
000
000
000
000
000
000
000
000
000
000
000
000
000
000
000
000
000
000
000
000
000
000
5e3813
905f37
693c1b
4d108
41151f
1a3067
691ce
d02
000
000
000
000
000
000
000
000
000
000
000
000
000
000
000
000
000
000
000
000
000
000
000
000
000
000
000
000
000
9c581f
72422c
723215
52d1a
3ed13
4d221b
3b94
1d01d
000
000
000
000
000
000
000
000
000
000
000
000
000
000
000
000
000
000
000
000
426ec7
075e4
037c1
172769
3789e5
6b9fe5
549de6
06de6
042ce
0065
b0b
31031
4d1849
51102f
401233
27027
52a52
000
000
000
000
000
000
000
000
000
000
000
000
000
000
000
000
000
000
000
000
638ed8
337be7
01d92
638ed8
578fe7
3383e7
1a73e7
03e91
0117c
0461
0430
4011
1bce
651411
853f57
40c40
34034
000
000
000
000
000
000
000
000
000
000
000
000
000
000
000
000
000
000
000
000
