000
000
000
000
000
000
000
000
000
000
000
000
000
000
000
000
000
000
000
000
000
000
000
000
000
000
000
000
000
000
000
000
000
000
000
000
000
000
000
000
000
000
000
000
000
000
000
000
000
000
000
000
000
a3a3a3
a5a2a5
a5a2a5
a5a2a5
a5a2a5
a5a2a5
a5a2a5
a5a0a5
000
000
000
000
000
000
000
000
000
000
000
000
000
000
000
000
000
000
000
000
000
000
000
000
000
000
000
000
000
000
000
000
000
000
000
000
000
000
a3a1a3
8e8d8e
313031
313031
313031
313031
313031
313031
7b777b
a9a9a9
000
000
000
000
000
000
000
000
000
000
000
000
000
000
000
000
000
000
000
000
000
000
000
000
000
000
000
000
000
000
000
000
000
000
541717
a07c7e
928f92
2d2c2d
361c1d
1d1c1d
1d2b2d
1d2c3b
1d1c1f
1d1c2a
22212a
242324
242424
000
000
000
000
000
000
000
000
000
000
000
000
000
000
000
000
000
000
000
000
000
000
000
000
000
000
000
000
000
000
000
000
000
c3c05
512919
9235e
47461b
272620
c13a0
000
05455
055a0
02a
004d
424178
747374
616161
000
000
000
000
000
000
000
000
000
000
000
000
000
000
000
000
000
000
000
000
000
000
000
000
000
000
000
000
000
000
000
000
000
9c6d1
4529d
8b4a7
98506
271bf
c1620
000
000
02659
013
001a
515087
b4b3b4
b6b6b6
000
000
000
000
000
000
000
000
000
000
000
000
000
000
000
000
000
000
000
000
000
000
000
000
000
000
000
000
000
000
000
000
000
4f00
2100
4e00
5600
e00
7200
000
000
01634
017
004f
17174e
333233
303030
000
000
000
000
000
000
000
000
000
000
000
000
000
000
000
000
000
000
000
000
000
000
000
000
000
000
000
000
000
000
000
000
000
000
1f00
251c1c
211d1e
1f1e1f
61f
005b
005c
005d
005c
0049
115
686668
9d9d9d
000
000
000
000
000
000
000
000
000
000
000
000
000
000
000
000
000
000
000
000
000
000
000
000
000
000
000
000
000
000
000
000
000
000
000
000
000
211e21
212021
181718
6631
6656
668
666
121212
212021
1e1e1e
000
000
000
000
000
000
000
000
000
000
000
000
000
000
000
000
000
000
000
000
000
000
000
000
000
000
000
000
000
000
000
000
000
000
000
000
000
000
1d1d1d
211e21
211e21
211e21
211e21
211e21
211e21
212121
000
000
000
000
000
000
000
000
000
000
000
000
000
000
000
000
000
000
000
000
000
000
000
000
000
000
000
000
000
000
000
000
000
000
000
000
000
000
000
000
000
000
000
000
000
000
000
000
000
000
000
000
000
000
000
000
000
000
000
000
000
000
000
000
000
000
000
000
000
000
000
000
000
000
000
000
000
000
000
000
000
000
000
000
000
000
000
000
000
000
000
000
000
000
000
000
000
000
000
000
000
000
000
000
000
000
000
000
000
000
000
000
000
000
000
000
000
000
000
000
000
000
000
000
000
000
000
000
000
000
000
000
000
000
000
000
000
000
000
000
000
000
000
000
000
000
000
000
000
000
000
000
000
000
000
000
000
000
000
000
000
000
000
000
000
000
000
000
000
000
000
000
000
000
000
000
000
000
000
000
000
000
000
000
000
000
000
000
000
000
000
000
000
000
000
000
000
000
000
000
000
000
000
000
000
000
000
000
000
000
000
000
000
000
000
000
000
000
000
000
000
000
000
000
000
000
000
000
000
000
000
000
000
000
000
000
000
000
000
000
000
000
000
000
000
000
000
000
000
000
000
000
000
000
000
000
ffffff
ffffff
ffffff
000
000
000
000
000
000
000
000
000
000
000
000
000
000
000
000
000
000
000
000
000
000
000
000
000
000
000
000
000
000
000
000
000
000
000
000
000
000
000
000
000
000
000
00e9
d5d5e5
fdfdfd
fefefe
000
000
000
000
000
000
000
000
000
000
000
000
000
000
000
000
000
000
000
000
000
000
000
000
000
000
000
000
000
000
000
000
000
000
000
000
000
000
000
000
000
0064
0063
00b2
434275
c4c1c4
000
000
000
000
000
000
000
000
000
000
000
000
000
000
000
000
000
000
000
000
000
000
000
000
000
000
000
000
000
000
000
000
000
000
000
000
000
000
000
000
000
0064
4c042
8102c
8102c
a42e2f
635f63
000
000
000
000
000
000
000
000
000
000
000
000
000
000
000
000
000
000
000
000
000
000
000
000
000
000
000
000
000
000
000
000
000
000
000
000
000
000
000
e500
e500
da04
d109
6700
2800
4600
e500
e600
000
000
000
000
000
000
000
000
000
000
000
000
000
000
000
000
000
000
000
000
000
000
0ffff
0dddd
090dd
0bdd
0063
4d4d90
fefefe
fefefe
373737
eeeeee
ededed
f1f1f1
e7effa
efefef
efefef
e57171
d200
a0a
4514
4b14
10d
801
1b1b1b
febbbb
ff00
000
000
000
000
000
000
000
000
000
000
000
000
000
000
000
000
000
000
000
000
000
00e7
055e7
0a7e7
06ed2
09c4
2c2b75
5e5d8e
cdcccd
c8c8c8
504f50
989898
605e60
706e70
848b8
515052
515051
5b2526
2900
104f
02caa
05caa
0069
4306
c3c3c3
e7e7e7
000
000
000
000
000
000
000
000
000
000
000
000
000
000
000
000
000
000
000
000
000
000
2c2bab
2c2bac
2c2bac
2c2b81
121249
6a686a
525152
343234
403f40
7f7d7f
3b3a3b
6a686a
3c3b3c
111042
212021
212021
2dff
5a00
2d00
2c00
2c00
f00
000
111111
474747
000
000
000
000
000
000
000
000
000
000
000
000
000
000
000
000
000
000
000
000
000
000
636063
646164
646164
646164
282828
221f22
221f22
111011
1d1d1d
232223
1d1c1d
cbc
cbc
92bc
42bc
cbc
555
1c00
2300
2300
2300
3700
4000
3c00
000
000
000
000
000
000
000
000
000
000
000
000
000
000
000
000
000
000
000
000
000
000
000
000
000
000
000
000
fefefe
aaaaaa
797979
a7a5a7
8d8b8d
1e1d1e
1e1d1e
bbb
1500
c500
5900
2a00
181718
585658
595759
595759
605759
635759
6100
000
000
000
000
000
000
000
000
000
000
000
000
000
000
000
000
000
000
000
000
000
000
000
000
000
000
000
000
000
000
000
000
a3a3a3
a5a0a5
a5a0a5
797879
635f63
635f63
635f63
635f63
141114
1e1d1e
211e21
211e21
4b4b4b
636363
000
000
000
000
000
000
000
000
000
000
000
000
000
000
000
000
000
000
000
000
000
000
000
000
000
000
000
000
000
000
000
000
000
000
000
000
000
000
000
000
000
000
000
000
000
000
000
000
000
000
000
000
000
000
000
000
000
000
000
000
000
000
000
000
000
000
000
000
000
000
000
000
000
000
000
000
000
000
000
000
000
000
000
000
000
000
000
000
000
000
000
000
000
000
000
000
000
000
000
000
000
000
000
000
000
000
000
000
000
000
000
000
000
000
000
000
000
000
000
000
000
000
000
000
000
000
000
000
000
000
000
000
000
000
000
000
000
000
000
000
000
000
000
000
000
000
000
000
000
000
000
000
000
000
000
000
000
000
000
000
000
000
000
000
000
000
000
000
000
000
000
000
000
000
000
000
000
000
000
000
000
000
000
000
000
000
000
000
000
000
000
000
000
000
000
000
000
000
000
000
000
000
000
000
000
000
000
000
000
000
000
000
000
000
000
000
000
000
000
000
000
000
000
000
000
000
000
000
000
000
000
000
000
000
000
000
000
000
000
000
000
000
000
000
000
000
000
000
000
000
000
000
000
000
000
000
000
000
000
000
000
000
000
000
000
000
000
000
000
000
000
000
000
000
000
000
000
000
000
000
000
000
000
000
000
000
fdfdfd
fdfdfd
fdfdfd
fdfdfd
fdfdfd
fdfdfd
fdfdfd
000
000
000
000
000
000
000
000
000
000
000
000
000
000
000
000
000
000
000
000
000
000
000
000
000
000
000
000
000
000
000
000
000
000
000
000
000
000
fefefe
fdfdfd
fdfdfd
fdfdfd
fdfdfd
fdfdfd
fdfdfd
fdfdfd
ffffff
fefefe
000
000
000
000
000
000
000
000
000
000
000
000
000
000
000
000
000
000
000
000
000
000
000
000
000
000
000
000
000
000
000
000
000
000
000
000
ffffff
fdfdfd
ffffff
efefef
001d
0064
001d
1d1d1d
6a6a6a
fdfdfd
fefefe
000
000
000
000
000
000
000
000
000
000
000
000
000
000
000
000
000
000
000
000
000
000
000
000
000
000
000
000
000
000
000
000
000
000
000
ffffff
fdfdfd
ffffff
929292
335a
0041
0063
0041
ff41
212021
737373
fefefe
000
000
000
000
000
000
000
000
000
000
000
000
000
000
000
000
000
000
000
000
000
000
000
000
000
000
000
000
000
000
000
000
000
000
202020
c61212
8c4a4a
984848
a2ee
3016
0324a
080c9
0164b
005e
171754
595559
646164
000
000
000
000
000
000
000
000
000
000
000
000
000
000
000
000
000
000
000
000
000
000
000
000
000
000
000
000
000
000
000
000
000
ded60
2f2d1d
c2ae6
695f14
796e11
c5b05
430
033
09f
036
006
313180
f1f1f1
f0f0f0
000
000
000
000
000
000
000
000
000
000
000
000
000
000
000
000
000
000
000
000
000
000
000
000
000
000
000
000
000
000
000
000
000
6200
600
a400
4a00
5a00
a600
300
000
02354
01635
0016
111160
545254
545154
000
000
000
000
000
000
000
000
000
000
000
000
000
000
000
000
000
000
000
000
000
000
000
000
000
000
000
000
000
000
000
000
000
000
000
621c1c
7d6767
816767
431212
1027
0028
0028
0028
005e
4433
161616
1f1f1f
000
000
000
000
000
000
000
000
000
000
000
000
000
000
000
000
000
000
000
000
000
000
000
000
000
000
000
000
000
000
000
000
000
000
000
ffffff
fdfdfd
ffffff
a7a7a7
4458
003a
0063
003a
0029
000
767676
fefefe
000
000
000
000
000
000
000
000
000
000
000
000
000
000
000
000
000
000
000
000
000
000
000
000
000
000
000
000
000
000
000
000
000
000
000
000
fefefe
fdfdfd
ffffff
f8f8f8
001c
0063
001c
000
9b9b9b
fdfdfd
fefefe
000
000
000
000
000
000
000
000
000
000
000
000
000
000
000
000
000
000
000
000
000
000
000
000
000
000
000
000
000
000
000
000
000
000
000
000
000
ffffff
fdfdfd
fdfdfd
fdfdfd
fdfdfd
fdfdfd
fdfdfd
fdfdfd
fdfdfd
fefefe
000
000
000
000
000
000
000
000
000
000
000
000
000
000
000
000
000
000
000
000
000
000
000
000
000
000
000
000
000
000
000
000
000
000
000
000
000
000
000
fdfdfd
fdfdfd
fdfdfd
fdfdfd
fdfdfd
fdfdfd
fefefe
000
