000
000
000
000
000
000
000
000
000
000
000
000
000
000
000
000
000
000
000
000
000
000
000
000
000
000
000
000
000
000
000
000
000
000
000
000
000
000
000
000
000
000
000
000
000
000
000
000
000
000
000
000
000
000
000
000
000
000
000
000
000
000
000
000
000
000
000
000
000
000
000
000
000
000
000
000
000
000
000
000
000
000
000
000
000
000
000
000
000
000
000
000
000
000
000
949494
a3a1a3
a3a1a3
a3a1a3
919191
000
000
000
000
000
000
000
000
000
000
000
000
000
000
000
000
000
000
000
000
000
000
000
581616
887072
604f51
1c2728
1c2430
21202c
535153
000
000
000
000
000
000
000
000
000
000
000
000
000
000
000
000
000
000
000
000
000
000
000
6f45a
8241b
6b31a
01111
01d44
2e2e5e
949494
000
000
000
000
000
000
000
000
000
000
000
000
000
000
000
000
000
000
000
000
000
000
000
1b00
31dd
1fb10
112e
0134
6632
4e4c4e
000
000
000
000
000
000
000
000
000
000
000
000
000
000
000
000
000
000
000
000
000
000
000
000
000
212121
181624
131327
181618
1e1e1e
000
000
000
000
000
000
000
000
000
000
000
000
000
000
000
000
000
000
000
000
000
000
000
000
000
000
000
000
000
000
000
000
000
000
000
000
000
000
000
000
000
000
000
000
000
000
000
000
000
000
000
000
000
000
000
000
000
000
000
000
000
000
000
000
000
000
000
000
000
000
000
000
000
000
000
000
000
000
000
000
000
000
000
000
000
000
000
000
000
000
000
000
000
000
000
000
000
000
000
3e3ed6
dbdbe9
ffffff
000
000
000
000
000
000
000
000
000
000
000
000
000
000
000
000
000
000
000
000
000
000
000
000
000
e200
64038
65631
8d3e40
ff00
000
000
000
000
000
000
000
000
000
000
000
000
000
000
000
000
000
0e6eb
03fe0
3f3f89
f8f8f8
949494
c0c0c0
aabcd2
b77474
6d017
451b45
17a18
a75353
ff00
000
000
000
000
000
000
000
000
000
000
000
000
000
000
000
000
2d2da8
2c34ab
232665
545259
444344
555355
464446
251b31
281415
3b04
285d
d24
363234
000
000
000
000
000
000
000
000
000
000
000
000
000
000
000
000
000
000
000
000
9f9f9f
6d6b6d
454445
2f2e2f
731b1c
351b1c
222122
313031
623a3b
5c00
000
000
000
000
000
000
000
000
000
000
000
000
000
000
000
000
000
000
000
000
000
000
949494
868686
5d5d5d
5d5d5d
ddd
1a1a1a
545454
000
000
000
000
000
000
000
000
000
000
000
000
000
000
000
000
000
000
000
000
000
000
000
000
000
000
000
000
000
000
000
000
000
000
000
000
000
000
000
000
000
000
000
000
000
000
000
000
000
000
000
000
000
000
000
000
000
000
000
000
000
fefefe
fefefe
fefefe
fefefe
ffffff
000
000
000
000
000
000
000
000
000
000
000
000
000
000
000
000
000
000
000
000
000
000
000
000
ffffff
fefefe
f2f2f5
eaeaee
f3f3f3
fefefe
000
000
000
000
000
000
000
000
000
000
000
000
000
000
000
000
000
000
000
000
000
000
000
541717
d8a5a5
a58b90
0114a
1f5a
1a193b
a8a8a8
000
000
000
000
000
000
000
000
000
000
000
000
000
000
000
000
000
000
000
000
000
000
000
6e478
8e428
6c338
099
0193b
2d2c5a
a4a2a4
000
000
000
000
000
000
000
000
000
000
000
000
000
000
000
000
000
000
000
000
000
000
000
1900
9d7f7f
77676c
0032
0036
332d
615e61
000
000
000
000
000
000
000
000
000
000
000
000
000
000
000
000
000
000
000
000
000
000
000
000
fefefe
fefefe
d4d4db
b9b9c7
d2d2d2
fefefe
000
000
000
000
000
000
000
000
000
000
000
000
000
000
000
000
000
000
000
000
000
000
000
000
000
fefefe
fefefe
fefefe
fefefe
fefefe
000
000
000
000
000
000
000
000
000
000
000
000
000
000
000
000
000
000
000
000
000
000
000
000
000
000
000
000
000
000
000
000
000
000
