000
000
000
000
000
000
000
000
000
a14141
912426
991e1c
a1241e
df5c3b
000
000
000
000
000
000
000
000
000
000
000
000
000
000
000
000
000
000
000
000
000
000
000
000
000
000
000
000
000
000
000
000
000
000
000
000
000
000
000
000
000
000
000
000
000
000
000
000
000
000
000
000
000
7f2c2c
5465
3732
2922
2822
2e22
4422
c2125
f98b57
000
000
000
000
000
000
000
000
000
000
000
000
000
000
000
000
000
000
000
000
000
000
000
000
000
000
000
000
000
000
000
000
000
000
000
000
000
000
000
000
000
000
000
000
000
000
000
000
000
2c3840
4522
3522
2521
1c22
1932
1c22
1f22
2d22
3332
a3b4
9c1811
d59c7c
000
000
000
000
000
000
000
000
000
000
000
000
000
000
000
000
000
000
000
000
000
000
000
000
000
000
000
000
000
000
000
000
000
000
000
000
000
000
000
000
000
000
000
000
000
000
5e1f20
3022
2722
1822
1522
1522
1522
1322
3d22
2121
5a42
5932
8e74
9b13d
ac2014
d0b8b7
000
000
000
000
000
000
000
000
000
000
000
000
000
000
000
000
000
000
000
000
000
000
000
000
000
000
000
000
000
000
000
000
000
000
000
000
000
000
000
000
000
000
000
2c32
2522
1932
1522
1322
1322
e21
1b22
1422
3a22
3232
4122
5e43
4622
6253
8763
b0321f
a15c51
000
000
000
000
000
000
000
000
000
000
000
000
000
000
000
000
000
000
000
000
000
000
000
000
000
000
000
000
000
000
000
000
000
000
000
000
000
000
000
000
000
2332
2221
1932
1422
1222
d21
1121
1021
3c22
3732
2b21
3c22
4822
4d32
2622
5532
5d43
7753
9085
c622f
fbb685
000
000
000
000
000
000
000
000
000
000
000
000
000
000
000
000
000
000
000
000
000
000
000
000
000
000
000
000
000
000
000
000
000
000
000
000
000
000
261011
1121
1121
1121
1021
1021
1021
2122
1922
2622
2c22
2a22
2722
2321
4222
4e32
4922
2c22
5842
5532
6f53
b114a
dd3e20
f3c7ab
000
000
000
000
000
000
000
000
000
000
000
000
000
000
000
000
000
000
000
000
000
000
000
000
000
000
000
000
000
000
000
000
000
000
000
000
555762
2f292d
921
921
d21
3a22
1f22
2032
1a32
1e22
1e22
1d22
2b22
2e22
3422
4322
4122
3c22
3b22
4722
5532
6542
9584
af2012
ef8359
000
000
000
000
000
000
000
000
000
000
000
000
000
000
000
000
000
000
000
000
000
000
000
000
000
000
000
000
000
000
000
000
000
000
1222
1021
1c22
2822
adbbc4
1088
1c22
6d53
1322
1021
1622
2022
1f22
1f22
2a22
3022
2f22
3332
3832
3622
3b22
4822
5121
5843
7853
b2e5
c52d18
ecc0a7
000
000
000
000
000
000
000
000
000
000
000
000
000
000
000
000
000
000
000
000
000
000
000
000
000
000
000
000
000
000
000
000
1322
1322
1021
1622
7cea
4c32
3b1313
636b77
18f10
1b22
1322
1832
2221
2022
2121
2221
2722
2922
2a22
2f22
3b22
4822
5e53
6e63
3322
6f63
9573
b81df
e34120
000
000
000
000
000
000
000
000
000
000
000
000
000
000
000
000
000
000
000
000
000
000
000
000
000
000
000
000
000
000
000
000
2021
1822
2b22
2a22
2e22
3d32
3432
3822
6d6e76
262023
1121
1f22
2221
2022
2121
2121
2221
2722
2822
3622
4222
4222
4b22
4d32
4e22
6842
6653
8663
c43d23
f5ac86
000
000
000
000
000
000
000
000
000
000
000
000
000
000
000
000
000
000
000
000
000
000
000
000
000
000
000
000
000
000
000
000
431111
2b44
3022
2822
2022
2622
1832
2021
2e22
77828f
20ce
5932
2a22
1932
2722
2722
2221
2c22
3132
3422
3a32
4122
4522
5643
5943
5832
8453
af117
db3317
000
000
000
000
000
000
000
000
000
000
000
000
000
000
000
000
000
000
000
000
000
000
000
000
000
000
000
000
000
000
000
000
000
000
33ef
2922
1e22
2121
1f22
2722
5032
4b22
38181b
352125
1932
2a22
2f22
1f22
2622
2822
2622
2822
3c22
3f22
4222
3f22
3932
6675
7263
62ed
bd3f25
e8825c
000
000
000
000
000
000
000
000
000
000
000
000
000
000
000
000
000
000
000
000
000
000
000
000
000
000
000
000
000
000
000
000
000
000
000
251012
1c76
1932
1c22
1c22
1c22
1f22
3432
7c7c80
1d66
2022
1f22
1f22
1f22
2221
2522
2622
3122
4722
4d32
8763
8f2012
6354
6842
9fa5
ba3a22
000
000
000
000
000
000
000
000
000
000
000
000
000
000
000
000
000
000
000
000
000
000
000
000
000
000
000
000
000
000
000
000
000
000
000
000
000
483d3e
1d88
1932
1932
1c22
1d22
1d22
3932
8d8589
2388
1f22
2e22
3422
3f32
4d32
5532
6d53
6353
6153
6676
6654
5b65
5f88
a11813
d55a3a
000
000
000
000
000
000
000
000
000
000
000
000
000
000
000
000
000
000
000
000
000
000
000
000
000
000
000
000
000
000
000
000
000
000
000
000
000
000
674749
3677
2d77
3132
2a22
2522
3132
593e42
4b2627
3833
4022
4a22
801615
4422
4022
5054
5166
5377
4f43
4b88
4176
5dca
8e2a19
c7a59c
000
000
000
000
000
000
000
000
000
000
000
000
000
000
000
000
000
000
000
000
000
000
000
000
000
000
000
000
000
000
000
000
000
000
000
000
000
000
000
7f6e71
2998
2822
2c22
2e22
3622
4332
aba7aa
4722
7cc9
3b87
3ba9
3b87
3b87
4087
3a77
4287
3d22
3677
3932
4265
561718
000
000
000
000
000
000
000
000
000
000
000
000
000
000
000
000
000
000
000
000
000
000
000
000
000
000
000
000
000
000
000
000
000
a96970
9b3539
9b3438
000
000
000
000
000
999091
2d1114
1722
2b88
2998
3887
6a42
513e40
3177
379a
379a
3133
4022
2d22
3965
3b76
3677
3633
3844
46a9
b06965
000
000
c8d6e3
afc9db
b29095
000
000
000
000
000
000
000
000
000
000
000
000
000
000
000
000
000
000
000
000
000
000
000
000
000
000
8b3436
a9a2a7
992e32
9a3034
000
000
000
000
000
000
000
000
40191b
32de
6a42
851a1b
3322
461012
30ff
3144
3255
4222
3132
2f22
2f22
2e22
2222
2521
369a
57393e
4f4c52
6f899f
9a575b
6d849b
888d98
000
000
000
000
58687b
d1f38
112746
264469
000
000
000
000
000
000
000
000
000
000
000
000
000
000
000
000
9a3a3d
982e32
992e32
adadbe
992e32
000
000
000
000
000
000
000
000
000
000
6654
9185
3622
3644
32dd
2822
3632
2021
3a22
2421
3c22
3822
4322
33de
16232a
3a4956
5f4d51
4f637d
741514
784646
905f63
7f545a
4d373e
10284a
10284a
c1e3a
d1e39
171c2c
671717
3a3f47
91321
000
000
000
000
000
000
000
000
000
000
000
000
000
000
9b3539
992e32
9a2a2b
9a2a2b
b1adb9
000
000
000
000
000
000
000
000
000
000
bda6a7
7d42
ffffff
cfb0b0
3566
1d22
1e22
2d22
3d22
4c22
4522
5021
5632
5432
28de
1d1c1e
1f1d1e
511717
6064
7fed
8e1615
8f1716
6c1819
582b30
686570
572124
871717
871717
841414
71019
1a1b1c
1f1f21
000
000
000
000
000
000
000
000
000
000
000
000
000
9a2c2e
952222
99292a
9a2a2b
ada1af
9d595e
000
000
000
000
000
000
000
000
dabab6
a73a36
7753
9d201b
911b1a
7d191a
6bcc
5942
5021
5432
5132
5132
6153
6743
6d53
7363
7675
7ddb
661617
706874
a8c1d6
b4cbe1
afc6da
7a818e
6a393e
6c1a1a
673033
b0c6da
6b1515
831618
f181f
358
353236
000
000
000
000
000
232222
c63
c85
c85
c85
1032
1a22
3722
79da
a6362c
bf9492
a0302e
961e1d
922527
9a3232
000
000
000
000
a84341
a2251e
9b1f1d
9c201d
971e1d
7753
97fc
801616
7d1f20
7c1618
69cc
69ba
6376
6664
91320
6676
c1e3a
6f7c89
a9bed2
a9bcce
a4bbcf
7d818d
58ff
8810c
82fe
791615
8f2324
853437
7a6169
3fee
7ab9
8199ad
6d53
1069
d5d5d5
dcd4d4
000
000
000
000
000
000
000
000
000
000
201f1f
921
1322
1e22
1932
1021
d21
2922
76db
931c1b
8a5557
9b2b2c
911b1b
961e1d
961e1d
911b1b
911b1b
961e1d
941d1c
7ddb
8863
82191c
7a2122
721c1f
355f80
582e31
2c4c70
9ba9b6
10294b
a9b7c4
48333a
6365
7263
6f75
7753
7adb
402e33
98b3c6
235
2a333a
a9b7c5
93a3b1
615c60
5e5b60
565f6b
7a8d9e
4522
4522
545455
ae8c92
000
000
000
000
000
000
000
000
000
000
000
000
7d1e20
2b33
4f282a
3b1517
3832
4d32
71ca
7ddb
871717
871717
8f2022
8e201f
99d9
9f13d
a815d
bf2411
d43e23
f77647
e98b5d
9d201c
8b2625
9d989d
687b8f
57464d
6b1111
6eb9
6754
5755
3b66
4f4d56
7d90a0
8fa3b6
94a9bc
96acbf
95abbe
545a63
2e1011
4633
3b87
1f86
3b22
3c32
3522
24272d
1421
2421
161b1f
ae8c92
000
000
000
000
000
000
000
000
000
000
000
000
741d1e
702124
6f3336
6a3c46
653a40
641c1e
7411f
82fe
8e2e33
58ee
2c22
2422
1c22
1622
1422
1422
1822
2d22
c1144
f04620
faa778
f9a571
d88e69
601b1f
56626e
647786
727f8d
7991a5
8a9fb1
788797
513339
5c53
5b65
5588
6154
6643
4c22
4222
2722
1d22
1922
1b21
c21
b21
545253
000
000
000
000
000
000
000
000
000
000
000
000
000
000
000
7c1614
771817
4f1719
6f3336
703134
742426
772727
1832
1322
1322
1222
1021
d21
d21
1021
1832
1222
1422
1944
2887
2b66
733a3a
612527
e01e5
f99f6d
da6543
b75c56
6bdc
6454
6454
5343
5565
3c87
3f87
5221
4d32
3232
1f22
2021
f21
cff
16272e
2a4248
000
000
000
000
000
000
000
000
000
000
000
000
000
000
000
000
000
903939
7b1715
7c1614
5f1c1e
7690a0
e21
f21
1a32
2522
3332
c63
c63
1222
e42
c63
c63
c63
c63
a72
b63
c63
1032
c42
d53
1021
1633
2143
4a44
87c6
c1351f
8a2c30
2a1114
4c1719
4344
2122
1221
1e1d1c
000
000
000
152f35
a141e
6b6b6e
000
000
000
000
000
000
000
000
000
000
000
000
000
000
000
000
000
000
a67b7c
646974
7793a4
89abbf
a0bed3
97b9cd
8eabbf
4e4954
373036
2e87
1042
2522
1531
a72
c21
2222
921
1122
852
872
a62
872
872
872
872
872
972
b63
a42
532
721
6510f
000
000
ba7
000
000
000
000
000
000
000
000
000
000
000
000
000
000
000
000
000
000
000
000
000
000
000
000
000
000
000
000
000
2d1212
511313
4f32
5c43
5e54
5f43
5a43
5943
5466
5843
5022
5743
4922
3e22
2722
1121
1832
872
921
2d1e1e
000
000
000
000
000
000
000
4766
000
000
212021
000
000
000
000
000
000
000
000
000
000
000
000
000
000
000
000
000
000
000
000
000
000
000
000
000
000
000
000
000
16242b
000
000
000
000
000
000
000
000
000
000
000
000
000
000
000
000
000
000
000
000
000
000
000
000
000
000
2c22
c1817e
313032
000
222
000
000
000
000
000
000
000
000
000
000
000
000
000
000
000
000
000
000
000
000
000
000
000
000
000
000
000
000
345
000
000
000
000
000
000
000
000
000
000
000
000
000
000
000
000
000
000
000
000
000
000
000
000
000
000
000
6da8
000
000
131416
775
234
000
000
000
000
000
000
000
000
000
000
000
000
000
000
000
000
000
000
000
000
000
000
000
000
000
000
000
000
000
000
000
000
000
000
000
000
000
000
000
000
000
000
000
000
000
000
000
000
000
000
000
000
000
131315
346
359
000
222
222
222
000
000
000
000
000
000
000
000
000
000
000
000
000
000
000
000
000
000
000
000
000
000
000
000
000
000
000
000
000
000
000
000
000
000
000
000
000
000
000
000
000
000
000
000
000
000
000
000
000
000
000
000
000
359
5a76
2987
5af
000
222
444
000
000
000
000
000
000
000
000
000
000
000
000
000
000
000
000
000
000
000
000
000
000
000
000
000
000
000
000
000
000
000
000
000
000
000
000
000
000
000
000
000
000
000
000
000
000
000
000
000
000
000
000
000
359
2022
2543
5af
000
000
000
000
000
000
000
000
000
000
000
000
000
000
000
000
000
000
000
000
000
000
000
000
000
000
000
000
000
000
000
000
000
000
000
000
000
000
000
000
000
000
000
000
000
000
000
000
000
000
000
000
000
000
000
000
000
5af
5b11
000
000
000
000
000
000
000
000
000
000
000
000
000
000
